      MDL_LAM = 1.000000D-01
      MDL_M2 = 1.000000D+00
      MDL_MPHI = 1.000000D+00
